   25.38 3.0008e-16
   30.22 3.2402e-16
   35.10 3.6550e-16
   40.56 4.0541e-16
   44.85 3.8697e-16
   50.33 4.3698e-16
   53.81 4.6599e-16
   60.31 4.6335e-16
   65.12 4.2296e-16
   70.43 4.0155e-16
   75.46 3.7938e-16
   80.03 3.4127e-16
   85.20 3.3161e-16
   89.91 2.8004e-16
   94.79 2.4161e-16
   99.95 2.1089e-16
  105.91 2.0930e-16
  109.79 1.7510e-16
  114.87 1.3477e-16
  121.03 1.3157e-16
  123.76 1.1683e-16
  129.92 1.0030e-16
  134.99 9.4525e-17
  139.87 9.3489e-17
  144.95 8.0406e-17
  149.97 7.0256e-17
  154.80 6.6792e-17
  159.92 5.7020e-17
  199.91 1.4346e-16
  204.91 1.5029e-16
  210.01 1.6176e-16
  214.89 1.9219e-16
  219.87 2.0004e-16
  225.04 1.8371e-16
  229.86 2.0037e-16
  235.55 2.0472e-16
  238.00 2.1394e-16
  241.93 2.1984e-16
  247.61 2.1388e-16
  253.45 2.0780e-16
  259.94 1.9575e-16
  264.95 1.8812e-16
  269.97 1.7811e-16
  274.85 1.6505e-16
  280.01 1.5455e-16
  285.02 1.6844e-16
  288.84 1.4837e-16
  294.90 1.1948e-16
  301.25 1.2682e-16
  303.68 1.3408e-16
  309.95 1.2100e-16
  315.10 1.1345e-16
  319.89 1.0490e-16
  325.03 8.7937e-17
  330.13 7.9644e-17
  334.90 6.8419e-17
