   24.07 1.5424e-16
   29.44 1.9515e-16
   34.83 1.9732e-16
   39.83 2.2092e-16
   44.54 2.4146e-16
   50.02 2.4777e-16
   54.60 2.3499e-16
   59.27 2.2642e-16
   64.68 1.8797e-16
   69.42 1.9203e-16
   74.49 1.8898e-16
   79.79 1.6817e-16
   84.85 1.5728e-16
   89.23 1.4260e-16
   94.75 1.3558e-16
   99.88 1.1663e-16
  104.99 8.7652e-17
  108.81 7.8368e-17
  114.92 8.1930e-17
  119.86 6.2944e-17
  124.70 5.1179e-17
  129.90 4.7902e-17
  135.02 3.3992e-17
  139.83 3.8617e-17
  144.88 2.9136e-17
  150.02 2.5135e-17
  154.91 2.2639e-17
  159.90 2.7372e-17
  199.90 1.4823e-16
  204.89 1.6379e-16
  210.04 1.8047e-16
  214.76 1.9032e-16
  219.91 2.1299e-16
  225.09 2.0931e-16
  229.94 2.1696e-16
  234.93 1.8534e-16
  239.98 1.7486e-16
  244.87 1.6834e-16
  250.01 1.4951e-16
  255.10 1.6374e-16
  259.99 1.5690e-16
  264.85 1.4912e-16
  269.98 1.2691e-16
  274.85 1.1495e-16
  279.99 1.0339e-16
  285.05 8.8687e-17
  289.89 9.8148e-17
  295.00 9.2797e-17
  300.12 6.3448e-17
  304.87 5.2582e-17
  310.03 3.8672e-17
  315.04 2.5620e-17
  319.91 3.6968e-17
  324.99 2.7411e-17
  330.09 1.7007e-17
  335.02 1.7018e-17
