   24.87 2.9550e-16
   29.96 3.2878e-16
   34.77 3.5479e-16
   39.83 3.8682e-16
   44.91 3.8838e-16
   49.37 4.0826e-16
   54.84 3.8939e-16
   59.94 3.6357e-16
   64.91 3.4084e-16
   69.90 3.2979e-16
   74.88 3.1359e-16
   79.75 2.8290e-16
   84.89 2.5213e-16
   89.96 2.1246e-16
   94.78 1.9410e-16
   99.87 1.8197e-16
  104.98 1.7175e-16
  109.84 1.5097e-16
  114.89 1.2952e-16
  120.00 1.0530e-16
  124.87 9.0984e-17
  129.90 8.6475e-17
  134.93 7.3750e-17
  139.74 7.0995e-17
  144.86 6.2845e-17
  150.01 5.4413e-17
  154.85 5.0818e-17
  159.90 4.6002e-17
  199.86 1.0647e-16
  204.89 1.1265e-16
  210.03 1.2697e-16
  214.83 1.3951e-16
  220.00 1.4117e-16
  225.02 1.3635e-16
  229.81 1.4646e-16
  235.25 1.5470e-16
  240.37 1.6220e-16
  245.27 1.6063e-16
  250.60 1.6029e-16
  255.31 1.5266e-16
  260.06 1.4700e-16
  265.29 1.4453e-16
  270.48 1.4108e-16
  275.05 1.3697e-16
  280.01 1.2182e-16
  285.08 1.2016e-16
  289.89 1.0788e-16
  294.98 9.3766e-17
  300.03 8.5057e-17
  304.92 7.6888e-17
  309.95 6.9434e-17
  315.00 6.2895e-17
  319.92 6.1387e-17
  324.94 4.9579e-17
  330.04 4.2428e-17
  334.93 3.2919e-17
