0.000000000000000000e+00 1.226942169000000069e-02
6.000000000000000000e+00 1.362864716000000004e-02
1.200000000000000000e+01 1.504935324000000046e-02
1.800000000000000000e+01 1.662864220000000171e-02
2.400000000000000000e+01 1.867568325999999918e-02
3.000000000000000000e+01 2.079711528000000031e-02
3.600000000000000000e+01 2.237106742000000148e-02
4.200000000000000000e+01 2.272911861999999880e-02
4.800000000000000000e+01 2.173855883000000086e-02
5.400000000000000000e+01 1.950587134999999875e-02
6.000000000000000000e+01 1.592676897999999869e-02
6.600000000000000000e+01 1.264415588000000062e-02
7.200000000000000000e+01 1.035084332999999975e-02
7.800000000000000000e+01 8.619027826999999323e-03
8.400000000000000000e+01 8.287692020999999631e-03
9.000000000000000000e+01 8.931293010999999393e-03
9.600000000000000000e+01 1.010317745999999954e-02
1.020000000000000000e+02 1.080525541999999978e-02
1.080000000000000000e+02 1.099295513000000078e-02
1.140000000000000000e+02 1.045486514999999922e-02
1.200000000000000000e+02 9.398957992000000691e-03
1.260000000000000000e+02 8.272968192999999998e-03
1.320000000000000000e+02 7.075699589000000213e-03
1.380000000000000000e+02 5.976677145000000406e-03
1.440000000000000000e+02 4.937251517000000242e-03
1.500000000000000000e+02 3.900242999999999852e-03
1.560000000000000000e+02 2.914854531000000189e-03
1.620000000000000000e+02 2.106360551999999792e-03
1.680000000000000000e+02 1.595302540000000059e-03
1.740000000000000000e+02 1.342249143000000082e-03
1.800000000000000000e+02 1.297893103000000072e-03
1.860000000000000000e+02 1.220979304999999940e-03
1.920000000000000000e+02 1.005368218999999966e-03
1.980000000000000000e+02 7.571937359999999584e-04
2.040000000000000000e+02 5.903020033000000444e-04
2.100000000000000000e+02 5.290152575000000310e-04
2.160000000000000000e+02 5.513001206000000490e-04
2.220000000000000000e+02 5.686877305000000203e-04
2.280000000000000000e+02 5.243644425999999812e-04
2.340000000000000000e+02 4.396266508000000266e-04
2.400000000000000000e+02 3.527642145999999737e-04
2.460000000000000000e+02 3.021413317000000063e-04
2.520000000000000000e+02 3.465651056000000033e-04
2.580000000000000000e+02 5.574707980999999476e-04
2.640000000000000000e+02 1.039780053999999915e-03
2.700000000000000000e+02 1.809514502000000077e-03
2.760000000000000000e+02 2.719367562999999797e-03
2.820000000000000000e+02 3.555337583999999829e-03
2.880000000000000000e+02 4.053423805999999824e-03
2.940000000000000000e+02 4.265806769000000422e-03
3.000000000000000000e+02 4.307541469000000095e-03
3.060000000000000000e+02 4.377684788999999625e-03
3.120000000000000000e+02 4.647049371000000137e-03
3.180000000000000000e+02 5.115391603000000141e-03
3.240000000000000000e+02 5.799338176999999962e-03
3.300000000000000000e+02 6.566956381000000308e-03
3.360000000000000000e+02 7.486272680000000297e-03
3.420000000000000000e+02 8.469205759999999181e-03
3.480000000000000000e+02 9.704388593999999785e-03
3.540000000000000000e+02 1.103015463000000043e-02
3.600000000000000000e+02 1.226942171000000061e-02
