      0.0000      0.8649401572E-02
      6.0000      0.1275640643E-01
     12.0000      0.1944282082E-01
     18.0000      0.2830915998E-01
     24.0000      0.3998508761E-01
     30.0000      0.5369174542E-01
     36.0000      0.6822183418E-01
     42.0000      0.8255911915E-01
     48.0000      0.9336501501E-01
     54.0000      0.9976066787E-01
     60.0000      0.9987676912E-01
     66.0000      0.9478052888E-01
     72.0000      0.8399012286E-01
     78.0000      0.7199038618E-01
     84.0000      0.5768075541E-01
     90.0000      0.4464523539E-01
     96.0000      0.3086796214E-01
    102.0000      0.1986413978E-01
    108.0000      0.1218707854E-01
    114.0000      0.7233946224E-02
    120.0000      0.4714414785E-02
    126.0000      0.3796987356E-02
    132.0000      0.3553913295E-02
    138.0000      0.3768503668E-02
    144.0000      0.4177600001E-02
    150.0000      0.4626456651E-02
    156.0000      0.5160798071E-02
    162.0000      0.5443865548E-02
    168.0000      0.5433260679E-02
    174.0000      0.5700906777E-02
    180.0000      0.5761629441E-02
    186.0000      0.5816678778E-02
    192.0000      0.6576752500E-02
    198.0000      0.6762354357E-02
    204.0000      0.6300632919E-02
    210.0000      0.6377693812E-02
    216.0000      0.6469321230E-02
    222.0000      0.6166511680E-02
    228.0000      0.6055237752E-02
    234.0000      0.6101650310E-02
    240.0000      0.5894425979E-02
    246.0000      0.5602555069E-02
    252.0000      0.5266499238E-02
    258.0000      0.4635959266E-02
    264.0000      0.3823082342E-02
    270.0000      0.2854295169E-02
    276.0000      0.2223261333E-02
    282.0000      0.1992334642E-02
    288.0000      0.2149442426E-02
    294.0000      0.2476570135E-02
    300.0000      0.2729713757E-02
    306.0000      0.2828673808E-02
    312.0000      0.2746668397E-02
    318.0000      0.2543020909E-02
    324.0000      0.2355829317E-02
    330.0000      0.2232808692E-02
    336.0000      0.2442525428E-02
    342.0000      0.3131915010E-02
    348.0000      0.4332832525E-02
    354.0000      0.6006364080E-02
    360.0000      0.8649401598E-02
