      0.0000      0.6444499510E-01
      6.0000      0.9755399477E-01
     12.0000      0.1493392173E+00
     18.0000      0.2232484291E+00
     24.0000      0.3237637686E+00
     30.0000      0.4486429190E+00
     36.0000      0.5983884990E+00
     42.0000      0.7563783304E+00
     48.0000      0.9001370187E+00
     54.0000      0.1036130604E+01
     60.0000      0.1113362936E+01
     66.0000      0.1136562322E+01
     72.0000      0.1086537275E+01
     78.0000      0.1008438566E+01
     84.0000      0.8778049182E+00
     90.0000      0.7296135083E+00
     96.0000      0.5717730571E+00
    102.0000      0.4261214854E+00
    108.0000      0.2952582028E+00
    114.0000      0.1982062872E+00
    120.0000      0.1330331026E+00
    126.0000      0.8740778355E-01
    132.0000      0.5963605925E-01
    138.0000      0.4683683476E-01
    144.0000      0.4141646118E-01
    150.0000      0.4123685093E-01
    156.0000      0.4386047545E-01
    162.0000      0.4723358520E-01
    168.0000      0.5061028707E-01
    174.0000      0.5334195697E-01
    180.0000      0.5554334442E-01
    186.0000      0.5615311383E-01
    192.0000      0.5645702388E-01
    198.0000      0.5712382836E-01
    204.0000      0.5630310469E-01
    210.0000      0.5343702813E-01
    216.0000      0.5146254930E-01
    222.0000      0.4986877594E-01
    228.0000      0.4768151141E-01
    234.0000      0.4480015482E-01
    240.0000      0.4248687610E-01
    246.0000      0.4032235522E-01
    252.0000      0.3800686302E-01
    258.0000      0.3575848765E-01
    264.0000      0.3371902588E-01
    270.0000      0.3210406651E-01
    276.0000      0.3116218770E-01
    282.0000      0.3080560891E-01
    288.0000      0.3062186454E-01
    294.0000      0.3061611382E-01
    300.0000      0.3058419706E-01
    306.0000      0.3030631330E-01
    312.0000      0.2939634355E-01
    318.0000      0.2813474401E-01
    324.0000      0.2683972385E-01
    330.0000      0.2578233021E-01
    336.0000      0.2569173293E-01
    342.0000      0.2747663506E-01
    348.0000      0.3300975327E-01
    354.0000      0.4434297506E-01
    360.0000      0.6444499533E-01
