      0.0000      0.4092370966E-02
      6.0000      0.5009378240E-02
     12.0000      0.1023285499E-01
     18.0000      0.2276356564E-01
     24.0000      0.4729280066E-01
     30.0000      0.8441616328E-01
     36.0000      0.1376851772E+00
     42.0000      0.1996213834E+00
     48.0000      0.2623167053E+00
     54.0000      0.3139442618E+00
     60.0000      0.3425444278E+00
     66.0000      0.3427708392E+00
     72.0000      0.3083779716E+00
     78.0000      0.2531432278E+00
     84.0000      0.1852054497E+00
     90.0000      0.1233926195E+00
     96.0000      0.7281425406E-01
    102.0000      0.3749366833E-01
    108.0000      0.1797571811E-01
    114.0000      0.9113965216E-02
    120.0000      0.6794667100E-02
    126.0000      0.8388050017E-02
    132.0000      0.1102902575E-01
    138.0000      0.1309835145E-01
    144.0000      0.1435266322E-01
    150.0000      0.1438497923E-01
    156.0000      0.1381766916E-01
    162.0000      0.1259017570E-01
    168.0000      0.1077861391E-01
    174.0000      0.9562529759E-02
    180.0000      0.8413309569E-02
    186.0000      0.6992734749E-02
    192.0000      0.6438027809E-02
    198.0000      0.6933650565E-02
    204.0000      0.7065122655E-02
    210.0000      0.6457646136E-02
    216.0000      0.6524400698E-02
    222.0000      0.7314218582E-02
    228.0000      0.8070450500E-02
    234.0000      0.8526868892E-02
    240.0000      0.8823008307E-02
    246.0000      0.9187998738E-02
    252.0000      0.9590119974E-02
    258.0000      0.9744951955E-02
    264.0000      0.9603826664E-02
    270.0000      0.9044374110E-02
    276.0000      0.8387730918E-02
    282.0000      0.7933397990E-02
    288.0000      0.7501751057E-02
    294.0000      0.7373790621E-02
    300.0000      0.7125499616E-02
    306.0000      0.6941478185E-02
    312.0000      0.6708600735E-02
    318.0000      0.7135767551E-02
    324.0000      0.7645439616E-02
    330.0000      0.7831987003E-02
    336.0000      0.7625958857E-02
    342.0000      0.7564169969E-02
    348.0000      0.6474157889E-02
    354.0000      0.5061457649E-02
    360.0000      0.4092370959E-02
