      0.0000      0.2571527166E-01
      6.0000      0.2540648375E-01
     12.0000      0.2718347538E-01
     18.0000      0.2997931244E-01
     24.0000      0.3456736113E-01
     30.0000      0.4098693297E-01
     36.0000      0.4941303077E-01
     42.0000      0.5911047926E-01
     48.0000      0.6803353220E-01
     54.0000      0.7451217975E-01
     60.0000      0.8286788241E-01
     66.0000      0.8378426643E-01
     72.0000      0.7948283839E-01
     78.0000      0.7750495843E-01
     84.0000      0.7250951344E-01
     90.0000      0.6826683229E-01
     96.0000      0.6408139466E-01
    102.0000      0.6291182451E-01
    108.0000      0.5955100609E-01
    114.0000      0.5720476716E-01
    120.0000      0.5708133755E-01
    126.0000      0.5800063131E-01
    132.0000      0.5996606078E-01
    138.0000      0.6058089047E-01
    144.0000      0.6349681489E-01
    150.0000      0.6834791770E-01
    156.0000      0.7073305576E-01
    162.0000      0.7594604288E-01
    168.0000      0.8008509409E-01
    174.0000      0.7878857273E-01
    180.0000      0.8125917586E-01
    186.0000      0.8480549497E-01
    192.0000      0.8041522635E-01
    198.0000      0.8290085892E-01
    204.0000      0.9239292367E-01
    210.0000      0.9247342397E-01
    216.0000      0.8943252861E-01
    222.0000      0.9309230958E-01
    228.0000      0.9549969447E-01
    234.0000      0.9649374282E-01
    240.0000      0.1017693425E+00
    246.0000      0.1093662125E+00
    252.0000      0.1142450354E+00
    258.0000      0.1158644978E+00
    264.0000      0.1143397092E+00
    270.0000      0.1089321356E+00
    276.0000      0.9938463504E-01
    282.0000      0.8811568334E-01
    288.0000      0.7782709331E-01
    294.0000      0.6813469007E-01
    300.0000      0.6045050289E-01
    306.0000      0.5393575300E-01
    312.0000      0.4885538529E-01
    318.0000      0.4500519525E-01
    324.0000      0.4004480978E-01
    330.0000      0.3738521522E-01
    336.0000      0.3422104118E-01
    342.0000      0.3254904376E-01
    348.0000      0.2892924336E-01
    354.0000      0.2681137348E-01
    360.0000      0.2571527152E-01
