      0.0000      0.9352683859E-02
      6.0000      0.8814770987E-02
     12.0000      0.1022958039E-01
     18.0000      0.1365960302E-01
     24.0000      0.1935486327E-01
     30.0000      0.2700569493E-01
     36.0000      0.3571852982E-01
     42.0000      0.4527330643E-01
     48.0000      0.5325523649E-01
     54.0000      0.5907557792E-01
     60.0000      0.6244933401E-01
     66.0000      0.6335377086E-01
     72.0000      0.5961567870E-01
     78.0000      0.5510108599E-01
     84.0000      0.4581829839E-01
     90.0000      0.3759004242E-01
     96.0000      0.2615544386E-01
    102.0000      0.2075051905E-01
    108.0000      0.2009943523E-01
    114.0000      0.2379341195E-01
    120.0000      0.3047055061E-01
    126.0000      0.3630753775E-01
    132.0000      0.4236856158E-01
    138.0000      0.4712817145E-01
    144.0000      0.5091036861E-01
    150.0000      0.5332604381E-01
    156.0000      0.5601380866E-01
    162.0000      0.5751619364E-01
    168.0000      0.5813002122E-01
    174.0000      0.6059594896E-01
    180.0000      0.6148259350E-01
    186.0000      0.6109366492E-01
    192.0000      0.6419961191E-01
    198.0000      0.6464908616E-01
    204.0000      0.6211453056E-01
    210.0000      0.6259365392E-01
    216.0000      0.6334970845E-01
    222.0000      0.6199310202E-01
    228.0000      0.6135363497E-01
    234.0000      0.6245084053E-01
    240.0000      0.6294689578E-01
    246.0000      0.6361389285E-01
    252.0000      0.6472483900E-01
    258.0000      0.6385516075E-01
    264.0000      0.6138820746E-01
    270.0000      0.5485602569E-01
    276.0000      0.4850582360E-01
    282.0000      0.4121280898E-01
    288.0000      0.3570360174E-01
    294.0000      0.3196289521E-01
    300.0000      0.2897107162E-01
    306.0000      0.2711750728E-01
    312.0000      0.2489760410E-01
    318.0000      0.2245645007E-01
    324.0000      0.2019693303E-01
    330.0000      0.1713877536E-01
    336.0000      0.1490921977E-01
    342.0000      0.1303603107E-01
    348.0000      0.1163605917E-01
    354.0000      0.1055757320E-01
    360.0000      0.9352683868E-02
