0.000000000000000000e+00 2.084408979999999995e-02
6.000000000000000000e+00 2.811369854999999987e-02
1.200000000000000000e+01 3.876576653000000233e-02
1.800000000000000000e+01 5.245290862000000220e-02
2.400000000000000000e+01 6.927491666000000492e-02
3.000000000000000000e+01 8.902449223000000189e-02
3.600000000000000000e+01 1.085040173000000052e-01
4.200000000000000000e+01 1.273794343000000107e-01
4.800000000000000000e+01 1.407376415000000103e-01
5.400000000000000000e+01 1.477337162000000037e-01
6.000000000000000000e+01 1.461198596000000127e-01
6.600000000000000000e+01 1.369685911999999894e-01
7.200000000000000000e+01 1.183793023999999972e-01
7.800000000000000000e+01 9.990636917999999589e-02
8.400000000000000000e+01 7.889300142999999821e-02
9.000000000000000000e+01 6.311105422000000409e-02
9.600000000000000000e+01 4.428569029999999962e-02
1.020000000000000000e+02 2.964286068000000079e-02
1.080000000000000000e+02 1.894808369999999992e-02
1.140000000000000000e+02 1.166701093999999994e-02
1.200000000000000000e+02 7.516728910999999694e-03
1.260000000000000000e+02 5.498997224999999794e-03
1.320000000000000000e+02 4.303371702999999639e-03
1.380000000000000000e+02 3.989814319000000407e-03
1.440000000000000000e+02 4.100906078999999767e-03
1.500000000000000000e+02 4.285565471999999709e-03
1.560000000000000000e+02 4.565674036999999887e-03
1.620000000000000000e+02 4.674800485999999582e-03
1.680000000000000000e+02 4.717325748999999686e-03
1.740000000000000000e+02 4.823459827999999720e-03
1.800000000000000000e+02 4.902245940000000100e-03
1.860000000000000000e+02 5.037660214999999803e-03
1.920000000000000000e+02 5.101240974000000386e-03
1.980000000000000000e+02 5.051858444999999739e-03
2.040000000000000000e+02 4.944335081000000333e-03
2.100000000000000000e+02 4.719572103000000025e-03
2.160000000000000000e+02 4.466267335999999852e-03
2.220000000000000000e+02 4.219312771999999753e-03
2.280000000000000000e+02 3.819683378000000157e-03
2.340000000000000000e+02 3.518194824999999835e-03
2.400000000000000000e+02 3.161477569000000105e-03
2.460000000000000000e+02 2.712694115999999839e-03
2.520000000000000000e+02 2.336487875999999908e-03
2.580000000000000000e+02 1.837255294000000004e-03
2.640000000000000000e+02 1.697712183000000012e-03
2.700000000000000000e+02 1.878976053000000089e-03
2.760000000000000000e+02 2.475016010999999978e-03
2.820000000000000000e+02 3.314479527000000012e-03
2.880000000000000000e+02 3.844431404999999833e-03
2.940000000000000000e+02 4.254993040999999719e-03
3.000000000000000000e+02 4.275640974000000268e-03
3.060000000000000000e+02 4.265077842000000036e-03
3.120000000000000000e+02 4.397663074999999706e-03
3.180000000000000000e+02 4.515597466000000407e-03
3.240000000000000000e+02 4.953879700000000247e-03
3.300000000000000000e+02 5.742482105999999718e-03
3.360000000000000000e+02 7.142295721999999611e-03
3.420000000000000000e+02 9.313858504999999663e-03
3.480000000000000000e+02 1.227820347000000041e-02
3.540000000000000000e+02 1.580849917000000035e-02
3.600000000000000000e+02 2.084408986999999880e-02
