      0.0000      0.9780912800E-02
      6.0000      0.1496413264E-01
     12.0000      0.2293531066E-01
     18.0000      0.3397900522E-01
     24.0000      0.4796915804E-01
     30.0000      0.6479576001E-01
     36.0000      0.8213551771E-01
     42.0000      0.9740757819E-01
     48.0000      0.1093463088E+00
     54.0000      0.1149081986E+00
     60.0000      0.1137848039E+00
     66.0000      0.1057076179E+00
     72.0000      0.9116799238E-01
     78.0000      0.7591708026E-01
     84.0000      0.5958531278E-01
     90.0000      0.4436599124E-01
     96.0000      0.2968546412E-01
    102.0000      0.1869219578E-01
    108.0000      0.1095030099E-01
    114.0000      0.6461808894E-02
    120.0000      0.4115114351E-02
    126.0000      0.3210522137E-02
    132.0000      0.3066961862E-02
    138.0000      0.3264063249E-02
    144.0000      0.3623004534E-02
    150.0000      0.3965544496E-02
    156.0000      0.4340439576E-02
    162.0000      0.4503686537E-02
    168.0000      0.4530751674E-02
    174.0000      0.4564423313E-02
    180.0000      0.4520149077E-02
    186.0000      0.4621892163E-02
    192.0000      0.4915357922E-02
    198.0000      0.4901745236E-02
    204.0000      0.4731892725E-02
    210.0000      0.4694632804E-02
    216.0000      0.4590311379E-02
    222.0000      0.4421958294E-02
    228.0000      0.4368408205E-02
    234.0000      0.4305170338E-02
    240.0000      0.4125913987E-02
    246.0000      0.3961693671E-02
    252.0000      0.3644282292E-02
    258.0000      0.3258572090E-02
    264.0000      0.2693739072E-02
    270.0000      0.2093246695E-02
    276.0000      0.1756116769E-02
    282.0000      0.1734623155E-02
    288.0000      0.1930624858E-02
    294.0000      0.2158021764E-02
    300.0000      0.2313758646E-02
    306.0000      0.2307191033E-02
    312.0000      0.2200152065E-02
    318.0000      0.2043599563E-02
    324.0000      0.1917213180E-02
    330.0000      0.1935000769E-02
    336.0000      0.2256662105E-02
    342.0000      0.3024963096E-02
    348.0000      0.4338773286E-02
    354.0000      0.6508517115E-02
    360.0000      0.9780912836E-02
