      0.0000      0.5562991839E-02
      6.0000      0.6887477513E-02
     12.0000      0.1044692838E-01
     18.0000      0.1657909744E-01
     24.0000      0.2515652988E-01
     30.0000      0.3671162101E-01
     36.0000      0.4865531964E-01
     42.0000      0.5899758220E-01
     48.0000      0.6814957995E-01
     54.0000      0.7329431629E-01
     60.0000      0.7461732731E-01
     66.0000      0.7128989805E-01
     72.0000      0.6395128931E-01
     78.0000      0.5572895397E-01
     84.0000      0.4442926951E-01
     90.0000      0.3395281600E-01
     96.0000      0.2206365338E-01
    102.0000      0.1482588488E-01
    108.0000      0.1274297943E-01
    114.0000      0.1478876054E-01
    120.0000      0.1918337828E-01
    126.0000      0.2380416083E-01
    132.0000      0.2798111860E-01
    138.0000      0.3112301769E-01
    144.0000      0.3423112917E-01
    150.0000      0.3567800188E-01
    156.0000      0.3727513482E-01
    162.0000      0.3798588942E-01
    168.0000      0.3827184606E-01
    174.0000      0.3929235118E-01
    180.0000      0.3946805003E-01
    186.0000      0.3944383336E-01
    192.0000      0.4083310181E-01
    198.0000      0.4058733807E-01
    204.0000      0.3907599776E-01
    210.0000      0.3915514664E-01
    216.0000      0.3909428153E-01
    222.0000      0.3829319217E-01
    228.0000      0.3826791765E-01
    234.0000      0.3854579642E-01
    240.0000      0.3859869074E-01
    246.0000      0.3950077752E-01
    252.0000      0.3936331184E-01
    258.0000      0.3938186060E-01
    264.0000      0.3745830186E-01
    270.0000      0.3249488538E-01
    276.0000      0.2728815707E-01
    282.0000      0.2291523840E-01
    288.0000      0.1942314031E-01
    294.0000      0.1701816482E-01
    300.0000      0.1560175452E-01
    306.0000      0.1432082841E-01
    312.0000      0.1319506756E-01
    318.0000      0.1178978607E-01
    324.0000      0.1006645769E-01
    330.0000      0.8625542834E-02
    336.0000      0.7163724640E-02
    342.0000      0.6038719202E-02
    348.0000      0.5681526112E-02
    354.0000      0.5363867373E-02
    360.0000      0.5562991844E-02
