0.000000000000000000e+00 1.992406685000000163e-02
6.000000000000000000e+00 2.205462181999999841e-02
1.200000000000000000e+01 2.410593256999999864e-02
1.800000000000000000e+01 2.609715178999999843e-02
2.400000000000000000e+01 2.896634652999999920e-02
3.000000000000000000e+01 3.193684066000000016e-02
3.600000000000000000e+01 3.385680142999999975e-02
4.200000000000000000e+01 3.405705238000000107e-02
4.800000000000000000e+01 3.265318508000000092e-02
5.400000000000000000e+01 2.957299004000000023e-02
6.000000000000000000e+01 2.370991679000000046e-02
6.600000000000000000e+01 1.799827458000000102e-02
7.200000000000000000e+01 1.326444071000000037e-02
7.800000000000000000e+01 8.845884632999999678e-03
8.400000000000000000e+01 6.234999219000000176e-03
9.000000000000000000e+01 6.421025119999999864e-03
9.600000000000000000e+01 8.286485607000000295e-03
1.020000000000000000e+02 9.913098539999999972e-03
1.080000000000000000e+02 1.127474101000000041e-02
1.140000000000000000e+02 1.145112658000000012e-02
1.200000000000000000e+02 1.068532089999999976e-02
1.260000000000000000e+02 9.845751982000000221e-03
1.320000000000000000e+02 8.708743684000000429e-03
1.380000000000000000e+02 7.684128565000000050e-03
1.440000000000000000e+02 6.608034318000000074e-03
1.500000000000000000e+02 5.445294469999999686e-03
1.560000000000000000e+02 4.383857145000000406e-03
1.620000000000000000e+02 3.451136618000000180e-03
1.680000000000000000e+02 2.842238789999999848e-03
1.740000000000000000e+02 2.570620737000000114e-03
1.800000000000000000e+02 2.618167666000000178e-03
1.860000000000000000e+02 2.571947827999999936e-03
1.920000000000000000e+02 2.255944801000000013e-03
1.980000000000000000e+02 1.842888283999999941e-03
2.040000000000000000e+02 1.541509251000000016e-03
2.100000000000000000e+02 1.378357000999999972e-03
2.160000000000000000e+02 1.322049059000000035e-03
2.220000000000000000e+02 1.200171715000000056e-03
2.280000000000000000e+02 1.002857721999999945e-03
2.340000000000000000e+02 7.223078759000000400e-04
2.400000000000000000e+02 4.741994335999999985e-04
2.460000000000000000e+02 3.244546594999999744e-04
2.520000000000000000e+02 2.458323079999999894e-04
2.580000000000000000e+02 2.686111822000000217e-04
2.640000000000000000e+02 4.951784645999999460e-04
2.700000000000000000e+02 9.722540292000000353e-04
2.760000000000000000e+02 1.866209597999999963e-03
2.820000000000000000e+02 2.942548534000000160e-03
2.880000000000000000e+02 3.852603199000000089e-03
2.940000000000000000e+02 4.793669890000000315e-03
3.000000000000000000e+02 5.566025429000000073e-03
3.060000000000000000e+02 6.358410672000000020e-03
3.120000000000000000e+02 7.352764771000000303e-03
3.180000000000000000e+02 8.452985320000000122e-03
3.240000000000000000e+02 9.818795295000000076e-03
3.300000000000000000e+02 1.110107878999999978e-02
3.360000000000000000e+02 1.258634297999999992e-02
3.420000000000000000e+02 1.406465039999999986e-02
3.480000000000000000e+02 1.598071079000000158e-02
3.540000000000000000e+02 1.809442036999999934e-02
3.600000000000000000e+02 1.992406689999999883e-02
