      0.0000      0.3281173523E-02
      6.0000      0.3866896724E-02
     12.0000      0.4567596803E-02
     18.0000      0.5604357101E-02
     24.0000      0.7142310781E-02
     30.0000      0.9190999368E-02
     36.0000      0.1099043021E-01
     42.0000      0.1209705943E-01
     48.0000      0.1227437608E-01
     54.0000      0.1134125913E-01
     60.0000      0.9203499834E-02
     66.0000      0.6787474914E-02
     72.0000      0.4631549711E-02
     78.0000      0.3049341311E-02
     84.0000      0.2593789081E-02
     90.0000      0.2984919621E-02
     96.0000      0.3711930820E-02
    102.0000      0.4142737044E-02
    108.0000      0.4112377298E-02
    114.0000      0.3621303707E-02
    120.0000      0.2789914629E-02
    126.0000      0.2054322443E-02
    132.0000      0.1448221227E-02
    138.0000      0.9464994975E-03
    144.0000      0.5829394380E-03
    150.0000      0.3850469232E-03
    156.0000      0.3316675566E-03
    162.0000      0.4515732009E-03
    168.0000      0.6340294738E-03
    174.0000      0.6104988203E-03
    180.0000      0.7684722329E-03
    186.0000      0.9978625258E-03
    192.0000      0.8775434051E-03
    198.0000      0.1164930084E-02
    204.0000      0.1930086178E-02
    210.0000      0.2035593841E-02
    216.0000      0.1853319174E-02
    222.0000      0.2072130669E-02
    228.0000      0.2155286470E-02
    234.0000      0.2029881544E-02
    240.0000      0.2146762020E-02
    246.0000      0.2309989827E-02
    252.0000      0.2159367880E-02
    258.0000      0.1781695853E-02
    264.0000      0.1444016937E-02
    270.0000      0.1202642715E-02
    276.0000      0.1133196923E-02
    282.0000      0.1157436296E-02
    288.0000      0.1160871658E-02
    294.0000      0.1067110532E-02
    300.0000      0.9268351466E-03
    306.0000      0.7659092988E-03
    312.0000      0.6836878213E-03
    318.0000      0.6872847633E-03
    324.0000      0.8995136364E-03
    330.0000      0.1108168283E-02
    336.0000      0.1534427601E-02
    342.0000      0.1834149387E-02
    348.0000      0.2346874318E-02
    354.0000      0.2825471680E-02
    360.0000      0.3281173546E-02
