      0.0000      0.5566979029E-01
      6.0000      0.8240998150E-01
     12.0000      0.1240282603E+00
     18.0000      0.1872507718E+00
     24.0000      0.2730858575E+00
     30.0000      0.3838628976E+00
     36.0000      0.5199475747E+00
     42.0000      0.6733702381E+00
     48.0000      0.8103269500E+00
     54.0000      0.9482980308E+00
     60.0000      0.1040245588E+01
     66.0000      0.1078530148E+01
     72.0000      0.1052821361E+01
     78.0000      0.9901095302E+00
     84.0000      0.8845363315E+00
     90.0000      0.7490519008E+00
     96.0000      0.5931740160E+00
    102.0000      0.4464965323E+00
    108.0000      0.3152667514E+00
    114.0000      0.2210854308E+00
    120.0000      0.1452939366E+00
    126.0000      0.9401637508E-01
    132.0000      0.6534024348E-01
    138.0000      0.4847782120E-01
    144.0000      0.4070872429E-01
    150.0000      0.3903762145E-01
    156.0000      0.4014695168E-01
    162.0000      0.4247430356E-01
    168.0000      0.4505288520E-01
    174.0000      0.4748651592E-01
    180.0000      0.4913983394E-01
    186.0000      0.5008582093E-01
    192.0000      0.5043002955E-01
    198.0000      0.4955555010E-01
    204.0000      0.4850939332E-01
    210.0000      0.4737862276E-01
    216.0000      0.4555688003E-01
    222.0000      0.4321996768E-01
    228.0000      0.4109424323E-01
    234.0000      0.3866854477E-01
    240.0000      0.3588914198E-01
    246.0000      0.3257456345E-01
    252.0000      0.2973504141E-01
    258.0000      0.2723083646E-01
    264.0000      0.2517918760E-01
    270.0000      0.2370109795E-01
    276.0000      0.2309647741E-01
    282.0000      0.2346536848E-01
    288.0000      0.2412003902E-01
    294.0000      0.2521966727E-01
    300.0000      0.2611413301E-01
    306.0000      0.2688219049E-01
    312.0000      0.2704387801E-01
    318.0000      0.2684223873E-01
    324.0000      0.2611659183E-01
    330.0000      0.2544275437E-01
    336.0000      0.2543792542E-01
    342.0000      0.2724845824E-01
    348.0000      0.3110152196E-01
    354.0000      0.3994383745E-01
    360.0000      0.5566979047E-01
