0.000000000000000000e+00 1.432311887000000013e-02
6.000000000000000000e+00 2.023770047000000155e-02
1.200000000000000000e+01 2.890760296000000062e-02
1.800000000000000000e+01 4.042162778999999762e-02
2.400000000000000000e+01 5.479725517999999712e-02
3.000000000000000000e+01 7.158401706000000475e-02
3.600000000000000000e+01 8.894195156999999685e-02
4.200000000000000000e+01 1.056496546999999980e-01
4.800000000000000000e+01 1.180971460000000001e-01
5.400000000000000000e+01 1.250646594000000000e-01
6.000000000000000000e+01 1.243982856000000053e-01
6.600000000000000000e+01 1.172964927999999990e-01
7.200000000000000000e+01 1.034755963000000001e-01
7.800000000000000000e+01 8.836795669999999991e-02
8.400000000000000000e+01 7.136897191999999612e-02
9.000000000000000000e+01 5.650201092999999897e-02
9.600000000000000000e+01 4.127705838000000210e-02
1.020000000000000000e+02 2.873659996999999855e-02
1.080000000000000000e+02 1.933993004000000154e-02
1.140000000000000000e+02 1.256269198999999948e-02
1.200000000000000000e+02 8.199433491000000102e-03
1.260000000000000000e+02 5.679647519999999998e-03
1.320000000000000000e+02 4.034637770000000165e-03
1.380000000000000000e+02 3.164588990999999806e-03
1.440000000000000000e+02 2.742305860000000036e-03
1.500000000000000000e+02 2.612035556999999907e-03
1.560000000000000000e+02 2.611103875000000008e-03
1.620000000000000000e+02 2.543758737999999783e-03
1.680000000000000000e+02 2.363462623999999877e-03
1.740000000000000000e+02 2.166102890999999954e-03
1.800000000000000000e+02 2.055231268000000042e-03
1.860000000000000000e+02 2.100413065999999929e-03
1.920000000000000000e+02 2.211598036999999801e-03
1.980000000000000000e+02 2.265804960999999798e-03
2.040000000000000000e+02 2.199150599000000185e-03
2.100000000000000000e+02 2.043469318000000045e-03
2.160000000000000000e+02 1.903350687999999903e-03
2.220000000000000000e+02 1.767850411999999935e-03
2.280000000000000000e+02 1.620004271999999973e-03
2.340000000000000000e+02 1.491362370000000022e-03
2.400000000000000000e+02 1.316760038000000001e-03
2.460000000000000000e+02 1.091666496000000004e-03
2.520000000000000000e+02 8.231293796000000058e-04
2.580000000000000000e+02 5.251992399999999735e-04
2.640000000000000000e+02 3.399854384000000097e-04
2.700000000000000000e+02 3.416371696000000007e-04
2.760000000000000000e+02 6.213575919000000492e-04
2.820000000000000000e+02 1.132749929999999922e-03
2.880000000000000000e+02 1.684635230000000030e-03
2.940000000000000000e+02 2.151185712000000094e-03
3.000000000000000000e+02 2.402478133999999890e-03
3.060000000000000000e+02 2.494180261000000180e-03
3.120000000000000000e+02 2.548243101999999975e-03
3.180000000000000000e+02 2.624464662999999916e-03
3.240000000000000000e+02 2.834148848999999953e-03
3.300000000000000000e+02 3.272073344999999831e-03
3.360000000000000000e+02 4.111284998999999683e-03
3.420000000000000000e+02 5.507580685999999628e-03
3.480000000000000000e+02 7.562603135999999664e-03
3.540000000000000000e+02 1.032018936999999983e-02
3.600000000000000000e+02 1.432311892000000079e-02
