0.000000000000000000e+00 2.128679455000000165e-02
6.000000000000000000e+00 2.967463076000000088e-02
1.200000000000000000e+01 4.180058843000000052e-02
1.800000000000000000e+01 5.788389388000000219e-02
2.400000000000000000e+01 7.721357207000000000e-02
3.000000000000000000e+01 1.003584961999999942e-01
3.600000000000000000e+01 1.230390430999999951e-01
4.200000000000000000e+01 1.413746016000000105e-01
4.800000000000000000e+01 1.559597674000000045e-01
5.400000000000000000e+01 1.622345031999999909e-01
6.000000000000000000e+01 1.589955138999999962e-01
6.600000000000000000e+01 1.467450057999999946e-01
7.200000000000000000e+01 1.248300016999999984e-01
7.800000000000000000e+01 1.040281123000000030e-01
8.400000000000000000e+01 8.160921705000000193e-02
9.000000000000000000e+01 6.305985882999999570e-02
9.600000000000000000e+01 4.249453254999999846e-02
1.020000000000000000e+02 2.748650294999999827e-02
1.080000000000000000e+02 1.663010310999999894e-02
1.140000000000000000e+02 1.015567822999999953e-02
1.200000000000000000e+02 6.116217180000000329e-03
1.260000000000000000e+02 4.179099266000000160e-03
1.320000000000000000e+02 3.354839347999999995e-03
1.380000000000000000e+02 3.127124180999999933e-03
1.440000000000000000e+02 3.188419067999999790e-03
1.500000000000000000e+02 3.395258392000000125e-03
1.560000000000000000e+02 3.563866878000000130e-03
1.620000000000000000e+02 3.646531455000000081e-03
1.680000000000000000e+02 3.679624561000000189e-03
1.740000000000000000e+02 3.639127417999999878e-03
1.800000000000000000e+02 3.687329685999999902e-03
1.860000000000000000e+02 3.693945601999999891e-03
1.920000000000000000e+02 3.704165521999999797e-03
1.980000000000000000e+02 3.681545174000000215e-03
2.040000000000000000e+02 3.511903575000000118e-03
2.100000000000000000e+02 3.293696775999999972e-03
2.160000000000000000e+02 3.099919306000000103e-03
2.220000000000000000e+02 2.961121840999999828e-03
2.280000000000000000e+02 2.781485668000000140e-03
2.340000000000000000e+02 2.557074654999999877e-03
2.400000000000000000e+02 2.356307474000000034e-03
2.460000000000000000e+02 2.221382203000000100e-03
2.520000000000000000e+02 1.805245224999999995e-03
2.580000000000000000e+02 1.833719372999999958e-03
2.640000000000000000e+02 2.014722660000000005e-03
2.700000000000000000e+02 2.399555797000000115e-03
2.760000000000000000e+02 3.072520521000000112e-03
2.820000000000000000e+02 3.814135156999999988e-03
2.880000000000000000e+02 4.141058105999999989e-03
2.940000000000000000e+02 4.479147935000000330e-03
3.000000000000000000e+02 4.162028717000000079e-03
3.060000000000000000e+02 3.931722218000000338e-03
3.120000000000000000e+02 3.769121720999999998e-03
3.180000000000000000e+02 3.882674372999999832e-03
3.240000000000000000e+02 4.294146141999999854e-03
3.300000000000000000e+02 5.066408524999999746e-03
3.360000000000000000e+02 6.438996288999999928e-03
3.420000000000000000e+02 8.516066072999999362e-03
3.480000000000000000e+02 1.147324658000000060e-02
3.540000000000000000e+02 1.551537849000000045e-02
3.600000000000000000e+02 2.128679460999999967e-02
