0.000000000000000000e+00 1.526264752999999946e-02
6.000000000000000000e+00 2.223267204999999913e-02
1.200000000000000000e+01 3.232118568000000303e-02
1.800000000000000000e+01 4.594392783000000174e-02
2.400000000000000000e+01 6.278048903999999819e-02
3.000000000000000000e+01 8.262738646999999437e-02
3.600000000000000000e+01 1.028196395000000041e-01
4.200000000000000000e+01 1.203666954999999955e-01
4.800000000000000000e+01 1.338502122999999933e-01
5.400000000000000000e+01 1.398534949000000138e-01
6.000000000000000000e+01 1.378430089999999886e-01
6.600000000000000000e+01 1.277629647999999896e-01
7.200000000000000000e+01 1.101700179999999946e-01
7.800000000000000000e+01 9.190282600000000690e-02
8.400000000000000000e+01 7.286545733999999497e-02
9.000000000000000000e+01 5.552551961999999813e-02
9.600000000000000000e+01 3.892681082999999848e-02
1.020000000000000000e+02 2.621475703000000074e-02
1.080000000000000000e+02 1.672352551000000007e-02
1.140000000000000000e+02 1.052828597999999963e-02
1.200000000000000000e+02 6.561341584999999879e-03
1.260000000000000000e+02 4.277420889000000011e-03
1.320000000000000000e+02 2.996597178999999868e-03
1.380000000000000000e+02 2.358608230999999830e-03
1.440000000000000000e+02 2.039418875999999842e-03
1.500000000000000000e+02 1.956068912999999864e-03
1.560000000000000000e+02 1.954453026999999985e-03
1.620000000000000000e+02 1.901902831999999948e-03
1.680000000000000000e+02 1.754644774000000025e-03
1.740000000000000000e+02 1.578945817999999985e-03
1.800000000000000000e+02 1.471996034000000019e-03
1.860000000000000000e+02 1.442757284999999969e-03
1.920000000000000000e+02 1.496577486000000030e-03
1.980000000000000000e+02 1.530808212000000059e-03
2.040000000000000000e+02 1.449590242000000067e-03
2.100000000000000000e+02 1.313874435000000028e-03
2.160000000000000000e+02 1.195571286000000032e-03
2.220000000000000000e+02 1.105192630999999931e-03
2.280000000000000000e+02 1.018269267000000049e-03
2.340000000000000000e+02 9.306246903000000084e-04
2.400000000000000000e+02 8.347992258000000096e-04
2.460000000000000000e+02 7.213045080999999853e-04
2.520000000000000000e+02 5.686438184999999517e-04
2.580000000000000000e+02 4.946020648999999983e-04
2.640000000000000000e+02 5.339862929999999877e-04
2.700000000000000000e+02 7.395306393000000526e-04
2.760000000000000000e+02 1.134154680999999946e-03
2.820000000000000000e+02 1.628847198999999963e-03
2.880000000000000000e+02 2.046516213999999972e-03
2.940000000000000000e+02 2.300848740999999944e-03
3.000000000000000000e+02 2.324315851000000044e-03
3.060000000000000000e+02 2.244160932999999993e-03
3.120000000000000000e+02 2.169793347000000070e-03
3.180000000000000000e+02 2.210426116000000114e-03
3.240000000000000000e+02 2.419615313000000011e-03
3.300000000000000000e+02 2.885896996000000131e-03
3.360000000000000000e+02 3.758312213000000214e-03
3.420000000000000000e+02 5.201696926000000214e-03
3.480000000000000000e+02 7.374562975000000312e-03
3.540000000000000000e+02 1.056577816000000072e-02
3.600000000000000000e+02 1.526264756999999930e-02
