      0.0000      0.9570789827E-02
      6.0000      0.1412984995E-01
     12.0000      0.2092719720E-01
     18.0000      0.3014176175E-01
     24.0000      0.4116197123E-01
     30.0000      0.5432107173E-01
     36.0000      0.6720344637E-01
     42.0000      0.7847489118E-01
     48.0000      0.8672019437E-01
     54.0000      0.8921273795E-01
     60.0000      0.8675952002E-01
     66.0000      0.7904612418E-01
     72.0000      0.6840126346E-01
     78.0000      0.5596252445E-01
     84.0000      0.4510780897E-01
     90.0000      0.3335124989E-01
     96.0000      0.2296522880E-01
    102.0000      0.1471239582E-01
    108.0000      0.8851144400E-02
    114.0000      0.5533491913E-02
    120.0000      0.4004816245E-02
    126.0000      0.3640335578E-02
    132.0000      0.3851916622E-02
    138.0000      0.4225300809E-02
    144.0000      0.4712683129E-02
    150.0000      0.5380424330E-02
    156.0000      0.5803425171E-02
    162.0000      0.6184387603E-02
    168.0000      0.6346662988E-02
    174.0000      0.6235595299E-02
    180.0000      0.6491265224E-02
    186.0000      0.6655226046E-02
    192.0000      0.6563173808E-02
    198.0000      0.6957605370E-02
    204.0000      0.7200856297E-02
    210.0000      0.6929262097E-02
    216.0000      0.6884164610E-02
    222.0000      0.6880594392E-02
    228.0000      0.6563661474E-02
    234.0000      0.6467861770E-02
    240.0000      0.6501495074E-02
    246.0000      0.6210057467E-02
    252.0000      0.5750495839E-02
    258.0000      0.5048823250E-02
    264.0000      0.4226616085E-02
    270.0000      0.3212411677E-02
    276.0000      0.2403766128E-02
    282.0000      0.2044965093E-02
    288.0000      0.2131367714E-02
    294.0000      0.2529101688E-02
    300.0000      0.2909595327E-02
    306.0000      0.3057866395E-02
    312.0000      0.2958431758E-02
    318.0000      0.2693300215E-02
    324.0000      0.2428524340E-02
    330.0000      0.2347747163E-02
    336.0000      0.2611702376E-02
    342.0000      0.3436642933E-02
    348.0000      0.4695607621E-02
    354.0000      0.6626183430E-02
    360.0000      0.9570789857E-02
